A = [2, -0.5, 1, -0.2; 1, -3, 0.5, -0.5;1,1,4,-0.5;1,0.5,-1,3];

L = [0, 0, 0, 0; 1, 0, 0, 0;1,1,0,0;1,0.5,-1,0];

D = [2, 0, 0, 0;0, -3, 0, 0;0, 0, 4, 0;0, 0, 0, 3];

U = [0,-0.5,1, -0.2; 0, 0, 0.5, -0.5;0, 0, 0, -0.5;0,0,0,0];

LU = L + U; %tak nazwana zmienna, bêdzie ona równa sumie macierzy L i U

B = [1; -0.5; 2; 3];